2.666000000000000000e+03
1.604000000000000000e+03
2.590000000000000000e+02
1.439000000000000000e+03
2.502000000000000000e+03
2.284000000000000000e+03
9.200000000000000000e+01
4.100000000000000000e+02
1.892000000000000000e+03
9.780000000000000000e+02
2.060000000000000000e+03
3.930000000000000000e+02
2.132000000000000000e+03
2.283000000000000000e+03
8.780000000000000000e+02
1.730000000000000000e+03
2.920000000000000000e+02
2.201000000000000000e+03
2.677000000000000000e+03
2.317000000000000000e+03
2.057000000000000000e+03
1.000000000000000000e+02
1.400000000000000000e+02
1.069000000000000000e+03
2.453000000000000000e+03
9.870000000000000000e+02
2.482000000000000000e+03
2.490000000000000000e+02
2.531000000000000000e+03
2.481000000000000000e+03
1.409000000000000000e+03
1.447000000000000000e+03
1.332000000000000000e+03
1.221000000000000000e+03
2.630000000000000000e+03
2.560000000000000000e+03
1.590000000000000000e+02
5.700000000000000000e+01
2.062000000000000000e+03
2.398000000000000000e+03
6.520000000000000000e+02
3.860000000000000000e+02
2.286000000000000000e+03
5.970000000000000000e+02
1.590000000000000000e+03
5.300000000000000000e+01
2.434000000000000000e+03
1.259000000000000000e+03
2.701000000000000000e+03
1.930000000000000000e+02
1.184000000000000000e+03
1.275000000000000000e+03
1.680000000000000000e+03
4.300000000000000000e+02
1.326000000000000000e+03
1.700000000000000000e+03
2.275000000000000000e+03
1.639000000000000000e+03
2.370000000000000000e+03
5.900000000000000000e+02
7.120000000000000000e+02
1.078000000000000000e+03
1.993000000000000000e+03
1.555000000000000000e+03
2.023000000000000000e+03
5.040000000000000000e+02
4.440000000000000000e+02
1.850000000000000000e+02
2.692000000000000000e+03
2.664000000000000000e+03
9.330000000000000000e+02
2.395000000000000000e+03
1.716000000000000000e+03
1.855000000000000000e+03
1.920000000000000000e+02
1.261000000000000000e+03
6.020000000000000000e+02
7.570000000000000000e+02
9.900000000000000000e+01
5.850000000000000000e+02
2.493000000000000000e+03
1.860000000000000000e+03
1.465000000000000000e+03
7.820000000000000000e+02
7.590000000000000000e+02
9.030000000000000000e+02
1.086000000000000000e+03
2.492000000000000000e+03
2.193000000000000000e+03
1.345000000000000000e+03
6.350000000000000000e+02
1.490000000000000000e+02
1.160000000000000000e+02
1.034000000000000000e+03
1.529000000000000000e+03
1.647000000000000000e+03
2.406000000000000000e+03
1.410000000000000000e+02
1.598000000000000000e+03
4.770000000000000000e+02
1.008000000000000000e+03
5.470000000000000000e+02
1.676000000000000000e+03
2.542000000000000000e+03
2.460000000000000000e+02
6.220000000000000000e+02
2.021000000000000000e+03
8.840000000000000000e+02
9.710000000000000000e+02
1.537000000000000000e+03
2.530000000000000000e+02
2.060000000000000000e+02
1.811000000000000000e+03
1.410000000000000000e+03
9.080000000000000000e+02
2.567000000000000000e+03
2.360000000000000000e+03
2.397000000000000000e+03
2.494000000000000000e+03
1.759000000000000000e+03
1.670000000000000000e+02
9.110000000000000000e+02
2.417000000000000000e+03
4.570000000000000000e+02
1.967000000000000000e+03
2.123000000000000000e+03
1.847000000000000000e+03
6.820000000000000000e+02
5.680000000000000000e+02
2.388000000000000000e+03
2.426000000000000000e+03
1.980000000000000000e+02
1.219000000000000000e+03
2.486000000000000000e+03
2.067000000000000000e+03
1.453000000000000000e+03
4.900000000000000000e+01
1.875000000000000000e+03
7.700000000000000000e+02
2.570000000000000000e+02
1.658000000000000000e+03
2.180000000000000000e+03
2.371000000000000000e+03
5.780000000000000000e+02
2.930000000000000000e+02
1.401000000000000000e+03
1.666000000000000000e+03
5.350000000000000000e+02
2.140000000000000000e+03
4.430000000000000000e+02
7.260000000000000000e+02
5.260000000000000000e+02
5.840000000000000000e+02
7.450000000000000000e+02
5.270000000000000000e+02
2.326000000000000000e+03
1.477000000000000000e+03
1.840000000000000000e+03
1.351000000000000000e+03
2.501000000000000000e+03
2.659000000000000000e+03
8.120000000000000000e+02
1.100000000000000000e+03
1.508000000000000000e+03
2.840000000000000000e+02
2.128000000000000000e+03
2.291000000000000000e+03
8.250000000000000000e+02
2.418000000000000000e+03
2.657000000000000000e+03
4.080000000000000000e+02
1.207000000000000000e+03
1.964000000000000000e+03
1.266000000000000000e+03
3.570000000000000000e+02
6.640000000000000000e+02
1.857000000000000000e+03
2.507000000000000000e+03
2.540000000000000000e+02
1.211000000000000000e+03
2.500000000000000000e+03
2.247000000000000000e+03
2.850000000000000000e+02
2.162000000000000000e+03
1.087000000000000000e+03
2.577000000000000000e+03
9.790000000000000000e+02
2.265000000000000000e+03
1.663000000000000000e+03
2.016000000000000000e+03
1.083000000000000000e+03
1.888000000000000000e+03
1.300000000000000000e+03
7.020000000000000000e+02
1.255000000000000000e+03
1.320000000000000000e+02
1.995000000000000000e+03
2.616000000000000000e+03
9.890000000000000000e+02
7.160000000000000000e+02
2.276000000000000000e+03
1.138000000000000000e+03
2.300000000000000000e+03
1.729000000000000000e+03
1.655000000000000000e+03
1.516000000000000000e+03
6.460000000000000000e+02
1.550000000000000000e+02
9.310000000000000000e+02
7.360000000000000000e+02
1.606000000000000000e+03
1.560000000000000000e+02
1.614000000000000000e+03
8.680000000000000000e+02
5.690000000000000000e+02
1.015000000000000000e+03
1.373000000000000000e+03
1.944000000000000000e+03
1.718000000000000000e+03
2.056000000000000000e+03
1.955000000000000000e+03
7.480000000000000000e+02
4.340000000000000000e+02
1.190000000000000000e+02
1.171000000000000000e+03
1.262000000000000000e+03
1.119000000000000000e+03
1.744000000000000000e+03
1.950000000000000000e+03
1.013000000000000000e+03
8.800000000000000000e+01
1.317000000000000000e+03
6.870000000000000000e+02
2.034000000000000000e+03
1.623000000000000000e+03
